chain: 46.000000x56.000000
hidden: 0.000000x0.000000
mixed: 9.000000x9.000000
