dot: 0.000000
cross: [0.000000, 0.000000, 1.000000]
length: 5.000000
norm: [0.600000, 0.800000, 0.000000]
