direct3: 1.000000 2.000000 3.000000
direct4: 1.000000 2.000000 3.000000 4.000000
alias3: 7.000000
alias4: 8.000000
