x=1.000000
y=2.000000
z=3.000000
w=4.000000
u=10.000000 20.000000 30.000000 40.000000
col=0.500000 0.250000 0.125000
col2=1.000000 1.000000
