v = 1.500000 -2.000000
r = 42 9.500000
