p = 3 2.500000
t = 7 true 1.500000
