v = 1.500000 2.500000 3.500000
s = hello
big = 10 20 30 40 true
n = 99
