dpi=2.000000
delta=0.500000 fc.a=1.000000
