f=3.140000
i=1078523331
x=1.000000
y=2.000000
data[0]=1.000000
data[1]=2.000000
