K=4 len=4 a0=10 a3=40
W=800.000000 PI=3.141590
S=hi
P_is_null=true
KE=4 len=4 WE=4.000000
MF=2.500000 MFR=2.500000
KF=4 len=4 KFE=4
