add: 2.500000 2.500000
mul: 3.000000 3.000000
sub: 1.500000 div: 0.500000
f32: 2.500000
int: 5
