w=9.000000 h=2.000000
c=3.500000
