b.f=3.140000 b.i=1078523331
a.f=3.140000 a.i=1078523331
v.x=1.000000 v.y=2.000000 d0=1.000000 d1=2.000000
e.i=9
