box: 42
vec: 1.000000 4.000000
typefn: len=3 a0=10 a2=30
