point = (0.000000, 0.000000)
range = (0, 0)
rect  = (0.000000, 0.000000, 0.000000, 0.000000)
