rect = (10.500000, 20.500000, 30.500000, 40.500000)
uval = 9218247941278745377
