r1 = 150.000000
r2 = 150.000000
r3 = 200.000000
