=== Direct calls ===
d1 = 150.000000
d2 = 150.000000
d3 = 200.000000
d4 = 110.000000
=== Protocol dispatch ===
r1 = 150.000000
r2 = 150.000000
r3 = 200.000000
r4 = 110.000000
